132
13
38
227
187
42
242
180
112
212
137
109
122
155
67
192
93
130
234
153
165
191
2
145
162
207
130
249
115
180
100
25
218
96
121
245
223
84
55
64
122
50
33
158
22
247
26
226
202
253
40
50
69
209
78
3
8
221
24
58
72
59
253
178
68
247
115
74
184
166
157
211
36
35
78
225
33
229
28
221
33
153
177
167
48
199
233
226
147
107
232
119
203
139
252
192
227
53
236
184
57
124
138
34
9
211
189
99
71
10
36
150
151
23
227
224
164
64
139
166
70
216
237
218
1
31
73
20
137
205
155
221
65
174
211
33
36
193
57
2
240
182
111
119
7
33
100
35
81
217
166
14
25
126
66
166
252
78
224
53
164
118
200
148
248
154
143
126
240
52
132
114
242
189
43
103
94
143
109
111
133
212
68
6
169
126
209
95
170
94
223
78
62
177
117
225
172
247
95
15
88
40
126
218
19
37
112
199
183
20
254
205
245
191
120
227
225
127
8
79
17
71
176
243
14
214
180
170
238
150
98
1
240
18
44
120
215
122
24
91
216
99
135
232
86
29
221
66
106
44
158
224
156
224
221
190
118
161
39
227
118
162
126
240
248
30
52
188
181
19
193
25
163
148
158
133
130
222
215
139
247
102
114
8
83
173
20
239
139
126
20
20
12
89
38
250
131
82
243
137
198
102
146
170
221
85
72
44
106
65
213
57
106
119
123
53
129
41
221
120
165
64
191
95
69
44
247
31
55
50
105
75
253
79
231
100
38
189
253
0
68
219
0
159
13
93
136
24
58
15
122
202
143
118
86
177
243
184
91
156
37
30
194
217
79
17
218
233
92
241
159
64
56
70
153
65
121
230
55
20
18
100
26
196
20
30
63
229
193
65
169
46
248
129
81
141
40
58
1
168
206
142
217
223
220
54
180
179
114
178
253
111
131
127
244
250
201
202
180
28
232
7
19
190
166
109
166
167
53
162
239
199
32
111
93
78
40
28
156
13
17
130
169
107
125
114
131
186
160
225
242
51
95
56
101
168
96
109
37
15
77
142
24
23
49
87
241
4
237
40
225
67
180
155
7
223
250
83
199
35
240
95
218
82
72
122
68
123
126
199
71
121
1
125
97
208
218
111
5
45
101
222
24
19
84
115
251
34
165
180
251
181
207
148
62
140
216
171
99
87
163
72
231
149
76
143
219
134
28
83
147
181
95
14
175
15
154
72
5
140
147
224
20
250
159
144
196
3
59
63
184
111
250
63
33
32
49
241
132
197
202
64
196
0
196
228
141
99
255
124
98
224
221
151
96
31
62
222
76
9
184
206
123
226
72
153
169
255
22
103
69
55
201
127
54
15
58
112
71
124
178
130
90
174
221
211
137
156
143
217
117
238
239
218
190
237
128
48
160
197
39
71
61
210
17
206
58
54
85
63
29
129
2
247
238
247
238
67
41
216
122
46
107
180
193
132
9
204
24
199
124
32
10
151
177
164
21
121
86
58
104
250
93
141
197
139
192
115
3
18
249
151
134
37
27
198
128
115
137
28
39
98
148
219
168
150
48
51
96
251
122
104
181
95
254
236
32
184
81
125
208
142
35
17
91
139
166
80
126
184
18
94
75
25
188
45
77
180
255
196
122
44
83
224
237
82
68
178
59
17
21
205
213
61
252
188
230
172
94
83
41
51
17
32
130
69
47
248
22
14
248
177
217
229
69
226
53
237
116
85
185
92
84
37
221
252
128
63
171
145
161
0
47
15
240
131
53
95
14
169
180
223
161
42
9
235
103
237
4
148
150
146
245
1
29
153
51
146
233
219
0
0
0
0
0
0
0
0
0
0
0
0
0
0
0
0
0
0
0
0
0
0
0
0
0
0
0
0
0
0
0
0
0
0
0
0
0
0
0
0
0
0
0
0
0
0
0
0
0
0
0
0
0
0
0
0
0
0
0
0
0
0
0
0
0
0
0
0
0
0
0
0
0
0
0
0
0
0
0
0
0
0
0
0
0
0
0
0
0
0
0
0
0
0
0
0
0
0
0
0
0
0
0
0
0
0
0
0
0
0
0
0
0
0
0
0
0
0
0
0
0
0
0
0
0
0
0
0
0
0
0
0
0
0
0
0
0
0
0
0
0
0
0
0
0
0
0
0
0
0
0
0
0
0
0
0
0
0
0
0
0
0
0
0
0
0
0
0
0
0
0
0
0
0
0
0
0
0
0
0
0
0
0
0
0
0
0
0
0
0
0
0
0
0
0
0
0
0
0
0
0
0
0
0
0
0
0
0
0
0
0
0
0
0
0
0
0
0
0
0
0
0
0
0
0
0
0
0
0
0
0
0
0
0
0
0
0
0
0
0
0
0
0
0
0
0
0
0
0
0
0
0
0
0
0
0
0
0
0
0
0
0
0
0
0
0
0
0
0
0
0
0
0
0
0
0
0
0
0
0
0
0
0
0
0
0
0
0
0
0
0
0
0
0
0
0
0
0
0
0
0
0
0
0
0
0
0
0
0
0
0
0
0
0
0
0
0
0
0
0
0
0
0
0
0
0
0
0
0
0
0
0
0
0
0
0
0
0
0
0
0
0
0
0
0
0
0
0
0
0
0
0
0
0
0
0
0
0
0
0
0
0
0
0
0
0
0
0
0
0
0
0
0
0
0
0
0
0
0
0
0
0
0
0
0
0
0
0
0
0
0
0
0
0
0
0
0
0
0
0
0
0
0
0
0
0
0
0
0
0
0
0
0
0
0
0
0
0
0
0
0
0
0
0
0
0
0
0
0
0
0
0
0
0
0
0
0
0
0
0
0
0
0
0
0
0
0
0
0
0
0
0
0
0
0
0
0
0
0
0
0
0
0
0
0
0
0
0
0
0
0
0
0
0
0
0
0
0
0
0
0
0
0
0
0
0
0
0
0
0
0
0
0
0
0
0
0
0
0
0
0
0
0
0
0
0
0
0
0
0
0
0
0
0
0
0
0
0
0
0
0
0
0
0
0
0
0
0
0
0
0
0
0
0
0
0
0
0
0
0
0
0
0
0
0
0
0
0
0
0
0
0
0
0
0
0
0
0
0
0
0
0
0
0
0
0
0
0
0
0
0
0
0
0
0
0
0
0
0
0
0
0
0
0
0
0
0
0
0
0
0
0
0
0
0
0
0
0
0
0
0
0
0
0
0
0
0
0
0
0
0
0
0
0
0
0
0
0
0
0
0
0
0
0
0
0
0
0
0
0
0
0
0
0
0
0
0
0
0
0
0
0
0
0
0
0
0
0
0
0
0
0
0
0
0
0
0
0
0
0
0
0
0
0
0
0
0
0
0
0
0
0
0
0
0
0
0
0
0
0
0
0
0
0
0
0
0
0
0
0
0
0
0
0
0
0
0
0
0
0
0
0
0
0
0
0
0
0
0
0
0
0
0
0
0
0
0
0
0
0
0
0
0
0
0
0
0
0
0
0
0
0
0
0
0
0
0
0
0
0
0
0
0
0
0
0
0
0
0
0
0
0
0
0
0
0
0
0
0
0
0
0
0
0
0
0
0
0
0
0
0
0
0
0
0
0
0
0
0
0
0
0
0
0
0
0
0
0
0
0
0
0
0
0
0
0
0
0
0
0
