229
46
107
196
175
38
173
1
53
36
227
83
56
226
204
64
86
54
112
154
151
149
89
235
114
147
92
119
10
42
44
44
108
66
246
129
160
56
81
212
136
111
10
152
200
227
108
135
167
240
86
15
0
216
218
68
208
240
183
17
189
195
249
253
25
255
14
104
122
126
4
142
75
56
76
124
114
230
204
109
65
82
214
227
19
143
174
41
117
180
44
41
138
80
79
195
142
24
188
249
234
91
38
124
36
213
110
191
149
14
240
242
215
161
255
190
125
243
149
169
92
104
11
239
242
147
221
31
51
163
69
227
152
42
216
150
190
184
91
174
219
234
27
73
127
118
3
55
122
67
157
196
189
240
59
252
33
230
47
57
179
112
205
58
195
236
140
107
81
236
133
4
41
38
169
161
3
160
170
223
82
47
172
242
88
66
242
205
4
230
22
127
161
133
128
248
30
141
58
208
56
175
175
228
111
244
27
93
252
78
112
141
157
49
4
74
129
251
73
159
67
78
150
106
6
100
129
30
162
84
84
35
99
14
20
106
18
166
83
172
108
181
20
218
175
31
10
159
149
160
250
166
217
130
1
41
179
111
242
228
165
172
202
64
107
246
88
54
47
71
152
77
52
89
41
194
228
242
162
194
109
184
253
28
163
103
34
115
156
23
102
11
152
217
171
9
65
106
208
211
30
68
132
154
223
64
93
109
119
179
85
212
36
184
77
96
155
248
194
153
216
237
109
126
48
88
14
29
158
47
239
128
236
138
3
155
19
237
217
68
230
8
221
84
82
23
161
88
248
27
29
37
206
110
242
247
29
241
186
255
225
121
83
181
168
213
154
171
91
195
167
190
133
9
90
223
7
181
29
196
89
39
31
220
48
9
20
158
248
130
204
154
62
164
85
244
247
215
102
19
81
39
72
161
66
217
124
96
125
119
209
140
165
54
40
168
48
166
220
205
116
142
178
16
118
214
249
106
192
138
210
127
57
186
170
155
72
9
158
191
203
51
113
204
145
212
170
35
29
173
108
148
123
187
66
144
128
221
130
250
100
243
54
97
24
20
98
140
226
2
218
3
235
112
252
230
85
29
80
199
64
71
153
159
6
116
25
7
19
10
63
223
32
145
25
131
130
17
83
57
0
73
62
186
114
187
252
191
41
49
79
16
79
83
186
29
13
217
155
207
170
214
66
27
180
69
82
193
19
46
180
109
243
219
186
180
164
98
88
101
154
85
65
148
24
81
178
48
213
244
169
81
16
120
203
85
187
37
162
145
54
4
198
99
106
71
200
167
1
249
186
13
128
237
233
198
111
153
240
110
215
62
29
142
20
174
30
21
191
74
251
202
104
73
9
199
150
222
163
13
227
99
90
201
133
226
180
71
118
138
234
243
235
221
5
252
120
204
171
135
149
204
104
14
90
173
187
189
30
47
247
243
227
60
21
33
227
244
231
82
196
195
55
0
201
143
223
193
23
49
131
201
71
69
70
87
76
95
67
236
242
100
64
186
9
20
141
148
227
210
14
119
228
214
116
40
23
226
231
89
157
202
49
230
104
127
57
209
52
130
69
87
130
114
135
66
140
169
191
113
229
223
40
151
10
225
218
55
105
34
166
66
251
150
155
89
99
96
214
46
209
101
197
37
80
93
224
21
141
115
25
133
110
204
41
76
229
200
151
170
164
209
179
168
95
56
244
76
47
21
50
111
76
115
178
159
203
212
124
119
169
37
56
177
156
149
97
38
222
9
176
5
75
106
38
198
95
253
229
234
230
111
134
168
49
211
50
181
37
99
135
240
55
157
222
121
19
134
236
235
121
129
10
51
48
198
239
191
132
198
152
98
101
124
157
91
36
89
79
142
151
149
116
119
21
162
120
155
161
140
170
169
145
123
50
217
231
209
214
195
5
32
139
250
26
16
171
241
201
114
3
251
93
82
191
31
183
235
209
29
216
3
133
172
111
55
230
124
212
128
41
142
220
49
63
145
72
200
101
85
143
78
86
144
167
194
134
178
104
119
102
215
97
214
166
34
60
133
25
35
201
220
176
245
175
117
56
57
250
56
147
21
10
144
40
134
103
206
19
237
138
74
25
86
160
139
82
153
157
11
170
58
147
237
190
50
149
185
187
148
219
186
225
239
231
217
123
235
216
196
175
253
239
75
98
191
4
253
132
96
155
146
252
206
125
122
250
27
59
170
20
110
50
184
150
2
121
6
176
25
84
187
163
20
238
235
142
181
35
160
182
198
177
2
76
246
154
250
111
253
239
66
40
74
142
253
151
181
81
125
23
155
157
199
107
135
113
37
35
134
26
222
222
125
255
179
8
89
32
38
36
255
81
21
96
47
128
104
121
159
71
202
249
71
245
253
232
253
56
141
149
111
93
122
91
194
178
215
149
78
160
91
240
219
151
189
77
37
35
39
16
108
254
237
152
198
48
50
111
178
150
214
63
70
241
218
226
95
213
9
138
115
230
33
184
46
17
94
216
20
116
181
248
239
89
208
87
75
87
111
98
168
141
71
91
216
128
211
197
253
18
106
125
148
191
239
54
59
4
236
90
139
124
105
180
51
2
35
181
198
76
39
33
221
205
93
20
143
39
208
71
56
143
243
3
163
241
193
179
5
128
43
92
163
74
8
226
19
174
19
224
238
45
33
153
135
201
106
22
91
9
246
216
17
152
222
141
187
5
95
98
221
247
96
22
62
33
99
152
12
50
32
130
11
25
80
251
25
63
170
254
108
155
181
82
69
140
110
8
40
101
52
28
190
31
148
242
234
16
246
185
6
150
245
31
94
20
16
251
86
65
227
174
181
202
218
206
253
8
247
239
25
237
73
243
85
180
146
189
226
246
67
23
168
104
87
74
14
12
79
172
56
56
155
7
253
62
131
97
49
245
192
183
117
97
247
183
128
198
249
214
108
110
30
229
112
19
23
117
13
31
183
162
252
248
24
173
66
121
255
74
69
141
52
73
185
6
64
45
35
218
86
167
16
21
198
214
115
104
185
232
204
4
229
163
119
60
34
153
2
101
92
35
196
219
91
222
81
161
91
4
0
139
114
170
4
159
136
195
246
52
84
164
193
60
207
185
97
152
37
45
130
232
181
62
123
246
102
176
21
42
163
27
156
15
180
137
51
67
249
64
1
253
58
53
148
172
88
125
36
192
21
206
114
137
154
253
148
82
130
16
30
131
95
96
254
243
168
110
238
126
190
96
241
195
112
253
144
142
189
250
92
250
111
170
65
29
141
204
255
123
77
242
6
23
60
163
16
59
47
151
127
206
143
240
158
20
19
52
119
118
93
189
2
44
6
140
142
175
14
118
157
169
40
76
246
41
205
14
41
69
165
79
90
209
155
73
152
121
26
16
152
95
203
207
113
95
132
232
131
104
202
214
38
24
29
181
15
108
99
79
151
146
201
170
54
160
73
31
106
183
204
214
227
236
242
96
110
192
29
230
38
108
119
141
195
44
203
1
203
185
113
96
177
131
160
161
213
231
191
162
222
247
195
92
251
19
64
216
214
138
146
220
41
34
120
36
173
32
170
91
96
140
14
91
162
54
225
72
77
246
222
94
18
147
105
9
21
171
108
174
228
238
61
31
73
82
239
229
149
