211
146
40
228
151
250
157
166
148
155
167
112
77
121
184
30
160
220
24
118
158
147
213
190
148
193
202
17
37
106
102
224
151
88
170
25
27
106
244
1
35
32
240
131
70
158
78
236
100
169
218
47
239
158
221
226
216
148
200
76
70
255
237
65
70
83
224
39
62
163
164
76
199
8
221
180
119
163
55
53
44
172
171
20
81
164
106
24
203
165
142
27
151
237
97
81
168
241
25
7
123
89
48
83
249
249
242
208
254
253
3
155
175
44
27
3
67
70
232
181
234
92
125
204
26
255
44
94
166
250
177
130
199
83
23
82
97
163
130
192
250
179
157
107
190
165
77
220
211
170
65
170
160
54
41
178
41
25
111
9
175
117
114
139
211
20
85
35
196
0
55
177
59
181
6
185
193
218
94
83
189
107
98
26
121
38
221
250
241
81
53
82
172
212
109
253
128
17
109
240
161
117
176
33
158
197
47
96
101
96
161
222
133
132
112
228
55
232
132
118
185
211
32
94
234
208
235
197
112
60
125
116
187
149
219
229
79
222
206
121
80
249
204
58
237
71
177
77
238
135
180
187
68
57
179
138
85
166
100
47
123
143
53
230
99
125
224
172
185
93
139
2
128
246
157
96
2
236
10
119
124
200
225
111
165
150
219
106
109
255
34
214
127
124
73
167
107
105
83
54
222
108
142
95
120
14
38
181
152
214
102
114
213
137
138
32
20
117
41
210
231
73
145
62
209
94
16
130
184
216
198
103
160
49
72
213
224
214
28
234
195
72
95
110
126
182
250
53
113
27
69
111
169
43
165
86
79
57
88
212
111
30
82
119
10
189
73
141
15
152
251
56
150
92
233
185
9
206
111
17
64
242
152
164
210
85
135
40
100
234
238
10
19
25
184
84
170
179
108
114
233
68
72
65
61
166
222
80
187
34
162
94
228
185
96
240
98
101
187
19
208
144
197
179
130
233
100
8
180
77
164
163
125
83
40
248
100
10
203
25
226
169
212
221
175
2
102
104
3
179
226
249
13
185
203
248
13
224
138
116
105
97
57
102
98
227
6
230
101
225
41
29
147
225
111
207
97
53
129
184
55
33
9
66
82
140
70
209
205
66
71
235
63
234
70
182
124
18
224
20
66
161
6
137
204
166
232
111
189
36
159
42
194
175
11
192
178
160
134
120
228
106
27
99
231
69
10
46
126
235
255
53
247
106
228
182
193
57
213
190
86
252
236
44
96
63
16
142
51
209
128
79
161
2
214
126
238
77
58
29
87
0
199
109
95
223
197
115
94
84
71
145
217
130
105
128
51
239
219
226
45
98
29
201
61
166
128
251
128
102
97
176
244
212
23
239
23
5
145
150
102
150
176
209
154
13
96
108
185
181
209
221
166
164
15
90
153
101
110
152
150
29
58
221
114
192
47
64
197
9
223
253
204
157
220
137
48
176
124
61
38
146
236
158
203
228
217
172
148
80
237
112
38
73
149
209
237
144
216
35
15
20
251
233
78
42
143
21
186
110
46
33
182
128
222
89
16
205
65
225
4
35
191
215
73
0
161
1
226
21
206
241
10
35
214
162
13
58
135
76
6
82
131
180
99
91
255
118
234
156
235
151
172
49
199
237
218
104
112
70
197
27
42
160
251
94
145
178
138
8
225
207
217
169
202
127
178
1
7
54
101
252
219
63
213
172
20
141
200
98
47
158
86
202
28
144
33
249
170
137
17
159
88
231
41
53
224
18
167
16
155
72
43
129
25
234
79
55
57
10
235
11
251
121
165
128
86
96
122
245
193
67
123
205
163
107
207
139
201
124
0
0
0
0
0
0
0
0
0
0
0
0
0
0
0
0
0
0
0
0
0
0
0
0
0
0
0
0
0
0
0
0
0
0
0
0
0
0
0
0
0
0
0
0
0
0
0
0
0
0
0
0
0
0
0
0
0
0
0
0
0
0
0
0
0
0
0
0
0
0
0
0
0
0
0
0
0
0
0
0
0
0
0
0
0
0
0
0
0
0
0
0
0
0
0
0
0
0
0
0
0
0
0
0
0
0
0
0
0
0
0
0
0
0
0
0
0
0
0
0
0
0
0
0
0
0
0
0
0
0
0
0
0
0
0
0
0
0
0
0
0
0
0
0
0
0
0
0
0
0
0
0
0
0
0
0
0
0
0
0
0
0
0
0
0
0
0
0
0
0
0
0
0
0
0
0
0
0
0
0
0
0
0
0
0
0
0
0
0
0
0
0
0
0
0
0
0
0
0
0
0
0
0
0
0
0
0
0
0
0
0
0
0
0
0
0
0
0
0
0
0
0
0
0
0
0
0
0
0
0
0
0
0
0
0
0
0
0
0
0
0
0
0
0
0
0
0
0
0
0
0
0
0
0
0
0
0
0
0
0
0
0
0
0
0
0
0
0
0
0
0
0
0
0
0
0
0
0
0
0
0
0
0
0
0
0
0
0
0
0
0
0
0
0
0
0
0
0
0
0
0
0
0
0
0
0
0
0
0
0
0
0
0
0
0
0
0
0
0
0
0
0
0
0
0
0
0
0
0
0
0
0
0
0
0
0
0
0
0
0
0
0
0
0
0
0
0
0
0
0
0
0
0
0
0
0
0
0
0
0
0
0
0
0
0
0
0
0
0
0
0
0
0
0
0
0
0
0
0
0
0
0
0
0
0
0
0
0
0
0
0
0
0
0
0
0
0
0
0
0
0
0
0
0
0
0
0
0
0
0
0
0
0
0
0
0
0
0
0
0
0
0
0
0
0
0
0
0
0
0
0
0
0
0
0
0
0
0
0
0
0
0
0
0
0
0
0
0
0
0
0
0
0
0
0
0
0
0
0
0
0
0
0
0
0
0
0
0
0
0
0
0
0
0
0
0
0
0
0
0
0
0
0
0
0
0
0
0
0
0
0
0
0
0
0
0
0
0
0
0
0
0
0
0
0
0
0
0
0
0
0
0
0
0
0
0
0
0
0
0
0
0
0
0
0
0
0
0
0
0
0
0
0
0
0
0
0
0
0
0
0
0
0
0
0
0
0
0
0
0
0
0
0
0
0
0
0
0
0
0
0
0
0
0
0
0
0
0
0
0
0
0
0
0
0
0
0
0
0
0
0
0
0
0
0
0
0
0
0
0
0
0
0
0
0
0
0
0
0
0
0
0
0
0
0
0
0
0
0
0
0
0
0
0
0
0
0
0
0
0
0
0
0
0
0
0
0
0
0
0
0
0
0
0
0
0
0
0
0
0
0
0
0
0
0
0
0
0
0
0
0
0
0
0
0
0
0
0
0
0
0
0
0
0
0
0
0
0
0
0
0
0
0
0
0
0
0
0
0
0
0
0
0
0
0
0
0
0
0
0
0
0
0
0
0
0
0
0
0
0
0
0
0
0
0
0
0
0
0
0
0
0
0
0
0
0
0
0
0
0
0
0
0
0
0
0
0
0
0
0
0
0
0
0
0
0
0
0
0
0
0
0
0
0
0
0
0
0
0
0
0
0
0
0
0
0
0
0
0
0
0
0
0
0
0
0
0
0
0
0
0
0
0
0
0
0
0
0
0
0
0
0
0
0
0
0
0
0
0
0
0
0
0
0
0
0
0
0
0
0
